3,2
3,1
3,3
10,303
10,249
10,259
10,205
10,295
10,113
10,91
10,1
10,25
10,2
10,3
11,25
11,12
11,14
11,22
11,21
11,18
11,23
11,1
11,20
11,2
11,3
9,5
9,1
9,7
9,2
9,3
8,5
8,7
8,10
8,15
8,1
8,14
8,2
8,3
0,318
12,2
12,1
12,3
20,2
20,1
20,3
19,2
19,1
19,3
55,4
55,3
55,2
55,1
55,0
54,3
54,2
54,1
54,0
53,5
53,4
53,3
53,2
53,1
53,0
52,5
52,4
52,3
52,2
52,1
52,0
51,4
51,3
51,2
51,1
51,0
50,5
50,4
50,3
50,2
50,1
50,0
49,4
49,3
49,2
49,1
49,0
48,5
48,4
48,3
48,2
48,1
48,0
47,5
47,4
47,3
47,2
47,1
47,0
45,3
45,2
45,1
45,0
44,6
44,5
44,4
44,3
44,2
44,1
44,0
43,3
43,2
43,1
43,0
42,4
42,3
