10,232
10,2
10,3
11,29
11,6
11,24
11,17
11,30
11,28
11,1
11,26
11,2
11,3
9,7
9,4
9,1
9,6
9,2
9,3
8,17
8,14
8,13
8,6
8,9
8,1
8,12
8,2
8,3
0,493
12,2
12,1
185,3
185,2
185,1
185,0
184,4
184,3
184,2
184,1
184,0
183,4
183,3
183,2
12,3
183,1
183,0
182,4
182,3
182,2
182,1
182,0
181,6
181,5
181,4
181,3
181,2
181,1
181,0
179,9
179,8
179,7
179,6
179,5
179,4
179,3
179,2
179,1
179,0
173,5
173,4
173,3
173,2
173,1
173,0
172,4
172,3
172,2
172,1
172,0
171,4
171,3
171,2
171,1
171,0
170,4
170,3
170,2
170,1
170,0
169,4
169,3
169,2
169,1
169,0
168,4
168,3
168,2
168,1
168,0
167,5
167,4
167,3
167,2
167,1
167,0
166,6
166,5
166,4
166,3
20,2
166,2
20,1
166,1
166,0
20,3
165,6
165,5
165,4
165,3
165,2
19,2
19,1
19,3
165,1
165,0
164,5
164,4
164,3
164,2
164,1
164,0
163,6
163,5
